999
865097806
646209766
656493882
903262944
862145557
644601774
664698043
485777362
451438715
142537314
319218571
844570045
772043515
836657631
995466938
628882646
574136232
496610901
113699804
564713993
104448315
115744119
73012029
944083461
138697982
41317301
665443218
280881745
916811648
736139799
265571336
924775274
360863160
368919982
193603946
673001000
254419534
571517674
423709707
132842538
336484872
572973439
507152806
965126015
165205167
143157088
185971063
773836715
736791608
854222795
396365722
668412655
455095929
207822506
419168679
47660450
345386145
877587077
634183700
434977303
286327196
403009509
793382370
919484911
470544853
828226853
933132645
84963540
892797838
468236616
236405486
562135479
974364648
268784754
341397679
978184604
551104974
565137825
519172984
800058601
655345580
180629982
600328584
546968398
13915489
555010016
171808398
979417855
962647759
906633553
340974888
223495025
436344577
420845128
19095592
741222249
220795205
406322466
92399888
289785753
535501667
690971054
934766422
690506352
722097552
116353488
526380831
825430746
414912694
365767750
997059877
571633672
795729761
552220945
685428902
337338752
623235602
491292146
933539306
253247318
66695523
999736143
885521425
34284381
213388123
897169888
164345095
337558172
690390890
503528463
114916592
881158850
570418200
920540864
802148931
845346288
865767114
502443340
446523022
923098324
192217073
986274780
257272079
309654270
731724328
815698192
450452387
910732060
59899122
155109915
557167900
401056316
450222053
120303166
285110842
955619489
29978440
83156615
960100122
60237227
832450171
614997493
914612249
672479251
669652578
568214788
34397451
350362950
376505527
401612105
372373469
25077780
865996775
52966823
755303697
822650312
919863715
798266027
202756284
960877580
853945586
194896789
23594192
151492106
534887299
133507265
247267541
239563919
301433525
311770681
322376228
183535415
105106410
4060776
349783080
574298421
72160566
917421589
762498096
151074233
631785840
732470148
825239906
732876389
715570064
574481734
636503096
76004795
246069463
813092294
482769796
382427512
309597207
812217754
61273895
966130545
725634986
294642430
591441455
413485613
51300952
74230945
979075212
422006208
944492430
672281001
751924911
696524932
721523625
131227228
982706730
352462424
503048404
740730716
468164830
302699782
806423007
999715293
716986337
735435090
323117916
28928563
260344176
499164320
524547812
205795806
877484994
739404046
732442500
844424991
263416008
193115866
581679058
236968095
67328510
553565005
345396122
831131420
217181210
580811816
516541870
971748288
193822615
962139147
858203493
981492973
438502986
534777655
280774006
638421390
656139485
300609370
657191425
853071614
565201955
88896538
464098231
415285855
536907794
772684815
985403910
823594550
194494435
171552497
656996023
144229486
446071065
653347937
452354711
420173933
123023390
495915574
200212350
808934471
69446777
776859620
285172188
517304767
683329462
261989907
389735155
756847182
927010563
256366599
916896260
642162232
995021499
367724383
400525917
320922328
931369378
66966738
63506815
303590898
857995408
124425282
78949989
367584972
266279532
27235502
936149838
539218957
641380607
561109589
407150945
242276899
336129666
260032294
320357723
408909052
681153547
217541805
791872329
152050889
81778666
681298304
246629846
301424698
803598298
138016513
958997081
778210298
565797701
712296964
123659852
137480035
136904909
996971883
790538876
418041999
622366745
786842278
22283852
652292312
704484707
160077714
131287100
344832580
428626194
548764994
430757694
878640114
687193837
52675637
24428718
105077962
707706598
690634308
847992834
782154519
477063719
928713066
638785826
923390818
398437339
116163371
326167082
264301794
861933603
630597964
579875009
833620887
99279948
547793168
674641010
474765144
726511171
374467752
831142488
555287894
491674261
725086148
260483962
744348764
106246635
65612293
720331516
613708422
796839223
922209431
651290416
132939012
938465988
623395849
76501603
246992894
292684557
121192871
511958616
93594290
172232891
29456270
729970039
387261368
268260147
562333644
281073839
998825673
419762404
285229172
607047526
298400321
367282865
699798915
331322123
465751513
602281499
992725581
502281472
253717597
737543306
235487056
892761228
901475469
583132807
481591162
959389690
201932306
750818304
56738057
30642449
269794482
876860643
876187578
651328198
678935508
259432047
106732641
300999274
798690934
453368133
893142850
595564241
173226331
521672067
624133929
976874886
364491937
923859240
116571507
369751057
184289047
574584281
972418336
202680130
47928057
184950558
564449812
356507698
479639583
427181852
433383843
425927389
771709689
68191626
960282167
549631749
563010156
361083391
708791069
1748371
482030415
372712396
142123950
166069130
658015322
834727764
617544863
272047617
154039425
538333054
122253697
784656247
110118039
757089619
123446090
842221820
145154776
208830421
342114440
927891173
456642359
5238250
34782112
914989381
820710790
524762368
217461366
741680791
233326917
982531343
989106410
701129532
114071033
340778650
402844205
128078610
366220806
733219361
331508876
486016159
18003754
819786638
592477639
34037175
624531936
780530708
633359517
496491171
778965934
732451184
228521888
595270985
326970863
999018181
123446318
800321924
873855732
368268063
61340561
198187319
328858391
82923209
486678477
472422790
523883463
989862158
913595987
867148302
252450778
444617824
501946279
458229569
175834031
163264709
38966975
492502056
858925772
683425241
868699925
233416807
277199203
529725858
175985729
711419073
319309053
220555992
183702610
242254691
260081892
488859620
323135462
236188209
901568983
166855857
219586172
132320523
449121198
337618455
619811900
106559250
851933248
542383990
221691287
248904106
243225565
600735540
464097030
298533988
845924241
915948143
396932045
867258745
938012503
431448641
836276023
499923975
627249263
704298642
63974949
846564267
10673567
602728353
259794464
887757886
393395222
714327633
725706149
30499648
423887169
495769110
353071836
701270712
302419070
357575133
898579719
780793692
880218412
882231959
887523160
591938800
468336728
640807794
506535869
205629472
426007878
620187519
714479483
103535965
331366445
200062023
615538522
134303231
340078687
126668857
166563871
2544029
114930240
213581014
351242934
187189200
238000916
625427287
324523731
96407941
368361453
424893728
245605124
147983116
15045952
963673364
765460944
320251950
888346389
23895054
82789746
931855951
801958258
242237538
236044601
626465704
242999573
90731241
240181903
64692721
506642880
15548975
464488815
811981877
224763664
785204756
121063133
929171497
69431571
622312216
267022484
377351694
705389875
54267377
346336644
491734750
565699064
641053116
777437367
373115604
359963493
112292019
378809906
595473351
503078457
330703835
10973046
333667303
601962285
282804136
554728259
542186868
716477733
508408812
723131571
443302265
532775651
340921092
348747155
696803309
182760681
190968910
332532275
154467058
843556924
50825619
257387061
211474412
440950533
913430987
39102887
847767573
633375341
936871728
183513949
253571432
721681309
596281541
492914000
502042584
280640136
670800907
55200257
293677512
920324870
708054818
594213225
491468684
720124749
14224248
540221010
380796449
715521922
618772713
852823668
98940731
716342113
658574458
134874182
430482174
210755638
477526012
467910141
976332827
373348348
902698011
595747977
97856284
898373814
354426306
71447281
902156970
791433713
180074519
720787871
733718650
913104642
919625802
861450316
747665390
387221922
473853781
872107696
388072641
999796101
285589122
402796790
181814712
727746870
130966218
710464927
858185783
854187048
953361124
994876895
12553084
488214840
816527275
252481869
946679243
881393664
396074732
598951390
947133998
163085629
680994747
787203653
368440162
52587988
603953471
604401338
236893022
648552532
737404848
562495623
511488572
420597340
464379807
928966774
957117363
804596815
783735890
912500052
417262786
970146302
819142981
338951916
679738220
796783162
768775900
977055513
555159354
287675060
427968803
623169471
707550620
177846880
866107051
300634498
449919126
276141454
979518640
84486096
664059376
671366508
694523135
37572462
54381282
832581955
628288986
105232423
945066069
921179605
447359575
779025979
251153435
266395478
670876796
256905545
464029095
38490387
217722372
309693370
534484544
413888654
57984587
886648292
327241166
488514029
500282259
697573626
778984153
225063556
698845347
34972297
811411334
53575973
2492859
198424684
246152300
25608150
454064434
840633400
575497501
779470177
833543051
515714438
618937361
530776018
751025092
24747188
89572145
938352292
431748613
58152558
753311174
522429935
337303256
779154304
523362557
734357055
910331115
116706930
411221783
328604635
600096445
556026208
625461146
700000454
83654714
479388732
247960182
151840601
816961090
123970568
556310065
790270604
846224031
814572613
301729392
359074290
461064430
122069614
230730518
438435707
280247901
314660137
658790684
553150742
273339851
635594228
485386567
152596551
80954275
991695101
996693416
182954205
943809352
55045205
527022645
250386025
878456445
286619310
986464588
628353103
365629648
51523435
390024216
876249725
99986961
153274445
489770934
393917000
434930747
907243429
453214390
396637540
259775002
75654662
893649741
198183735
120887111
253933037
966213090
691612595
451871988
563735636
775385868
285956563
44164066
144950620
886031824
433938801
33357753
232363522
429462594
265445461
668398799
925647715
898324276
90901024
115342696
81355028
779694097
109626711
213769378
928610427
632370056
520659458
378825240
255346869
355875259
552291459
458169253
724720947
192356292
939424464
310987381
138258666
159632445
873322101
848210323
194589642
137390218
289975417
242359701
660558368
159489574
477307282
736750173
552059475
8588174
168896011
273981608
